 SetDesc: "set generated with APFEL - NNPDF31_bintrinsic_sum_rules"
 Authors: V. Bertone, S. Carrazza, J. Rojo
 Reference: ArXiv:1310.1394
 Format: lhagrid1
 DataVersion: 1
 NumMembers:           1
 Particle: 2212
 Flavors: [ -5, -4, -3, -2, -1, 21,  1,  2,  3,  4,  5]
 OrderQCD:           2
 FlavorScheme: variable
 NumFlavors:            5
 ErrorType: replicas
 XMin:   1.0000000000000001E-009
 XMax:   1.0000000000000000     
 QMin:   1.0000000000000000     
 QMax:   100000.00000000000     
 MZ:   91.187600000000003     
 MUp: 0
 MDown: 0
 MStrange: 0
 MCharm:   1.5100000000000000     
 MBottom:   4.9199999999999999     
 MTop:   172.50000000000000     
 ThresholdCharm:   1.5100000000000000     
 ThresholdBottom:   4.9199999999999999     
 ThresholdTop:   100003.00000000000     
 AlphaS_MZ:  0.11800023452053694     
 AlphaS_OrderQCD:           2
 AlphaS_Type: ipol
 AlphaS_Qs: [  0.99999999999999989      ,   1.0768843285925549      ,   1.1642787193942459      ,   1.2640246654080958      ,   1.3783565426534774      ,   1.5099999999999998      ,   1.5099999999999998      ,   1.6573842566429429      ,   1.8279486622459491      ,   2.0263187760089423      ,   2.2582322968798141      ,   2.5308506754794142      ,   2.8531703035962463      ,   3.2365690285399831      ,   3.6955379951490865      ,   4.2486693342688726      ,   4.9199999999999999      ,   4.9199999999999999      ,   5.6571821438576393      ,   6.5475140854237930      ,   7.6300445598605036      ,   8.9555328644293528      ,   10.590474443348139      ,   12.622685642509317      ,   15.169119681615255      ,   18.386905256766521      ,   22.489084655212846      ,   27.767273833097445      ,   34.624624171570872      ,   43.624281842457755      ,   55.561423897645774      ,   71.571581839038842      ,   93.295496162430055      ,   123.13315421245734      ,   164.64037874505055      ,   223.15639709969551      ,   306.81102661405930      ,   428.16504637944598      ,   606.92308150739791      ,   874.49250868435536      ,   1281.7732912450272      ,   1912.7019729275617      ,   2908.2313770600867      ,   4509.5982157077860      ,   7137.9508908105245      ,   11543.948027962433      ,   19094.933999447741      ,   32338.759797577557      ,   56137.083811810720      ,   100000.00000000004      ]
 AlphaS_Vals: [  0.46796734616119906      ,  0.43930901052707616      ,  0.41295660482267155      ,  0.38866883050209566      ,  0.36623290967747252      ,  0.34546126657703619      ,  0.34669272836724585      ,  0.32996722447582788      ,  0.31412741768140179      ,  0.29911913423359965      ,  0.28489166265618399      ,  0.27139761522264561      ,  0.25859277373367395      ,  0.24643592492329180      ,  0.23488868975487384      ,  0.22391535023326800      ,  0.21348267676903371      ,  0.21377136935499916      ,  0.20562450805251273      ,  0.19775795369905944      ,  0.19016394402984463      ,  0.18283477362852293      ,  0.17576281446875450      ,  0.16894053328993766      ,  0.16236050612033637      ,  0.15601543024291992      ,  0.14989813388880924      ,  0.14400158392887280      ,  0.13831889181680199      ,  0.13284331801785010      ,  0.12756827513717747      ,  0.12248732994109167      ,  0.11759420444398523      ,  0.11288277621390935      ,  0.10834707803082633      ,  0.10398129701390428      ,   9.9779773317927728E-002 ,   9.5736998484081584E-002 ,   9.1847613517063734E-002 ,   8.8106406748678756E-002 ,   8.4508311537707798E-002 ,   8.1048403846862682E-002 ,   7.7721899729919913E-002 ,   7.4524152755577486E-002 ,   7.1450651389079550E-002 ,   6.8497016348085124E-002 ,   6.5658997945512179E-002 ,   6.2932473429053393E-002 ,   6.0313444324637908E-002 ,   5.7798033789208232E-002 ]
 AlphaS_Lambda4:  0.38729833029234551     
 AlphaS_Lambda5:  0.20916500429591775     
