 SetDesc: "set generated with APFEL - NNPDF31_bI_expandedNORM_NLL"
 Authors: V. Bertone, S. Carrazza, J. Rojo
 Reference: ArXiv:1310.1394
 Format: lhagrid1
 DataVersion: 1
 NumMembers:           1
 Particle: 2212
 Flavors: [ -5, -4, -3, -2, -1, 21,  1,  2,  3,  4,  5]
 OrderQCD:           2
 FlavorScheme: variable
 NumFlavors:            5
 ErrorType: replicas
 XMin:   1.0000000000000001E-009
 XMax:   1.0000000000000000     
 QMin:   1.0000000000000000     
 QMax:   100000.00000000000     
 MZ:   91.187600000000003     
 MUp: 0
 MDown: 0
 MStrange: 0
 MCharm:   1.5100000000000000     
 MBottom:   4.9199999999999999     
 MTop:   172.50000000000000     
 ThresholdCharm:   1.5100000000000000     
 ThresholdBottom:   4.9199999999999999     
 ThresholdTop:   100003.00000000000     
 AlphaS_MZ:  0.11799998808792281     
 AlphaS_OrderQCD:           2
 AlphaS_Type: ipol
 AlphaS_Qs: [  0.99999999999999989      ,   1.0768843285925549      ,   1.1642787193942459      ,   1.2640246654080958      ,   1.3783565426534774      ,   1.5099999999999998      ,   1.5099999999999998      ,   1.6573842566429429      ,   1.8279486622459491      ,   2.0263187760089423      ,   2.2582322968798141      ,   2.5308506754794142      ,   2.8531703035962463      ,   3.2365690285399831      ,   3.6955379951490865      ,   4.2486693342688726      ,   4.9199999999999999      ,   4.9199999999999999      ,   5.6571821438576393      ,   6.5475140854237930      ,   7.6300445598605036      ,   8.9555328644293528      ,   10.590474443348139      ,   12.622685642509317      ,   15.169119681615255      ,   18.386905256766521      ,   22.489084655212846      ,   27.767273833097445      ,   34.624624171570872      ,   43.624281842457755      ,   55.561423897645774      ,   71.571581839038842      ,   93.295496162430055      ,   123.13315421245734      ,   164.64037874505055      ,   223.15639709969551      ,   306.81102661405930      ,   428.16504637944598      ,   606.92308150739791      ,   874.49250868435536      ,   1281.7732912450272      ,   1912.7019729275617      ,   2908.2313770600867      ,   4509.5982157077860      ,   7137.9508908105245      ,   11543.948027962433      ,   19094.933999447741      ,   32338.759797577557      ,   56137.083811810720      ,   100000.00000000004      ]
 AlphaS_Vals: [  0.47292410917829347      ,  0.44284295946473523      ,  0.41556750857837083      ,  0.39068791594935454      ,  0.36787730699058424      ,  0.34687102351703736      ,  0.34811773276376856      ,  0.33101017406821037      ,  0.31489032914456927      ,  0.29967876255585696      ,  0.28530533043015277      ,  0.27170776468521796      ,  0.25883051385061484      ,  0.24662378744674915      ,  0.23504276293030202      ,  0.22404692348324012      ,  0.21359950189247529      ,  0.21388866997339434      ,  0.20571267372463795      ,  0.19782341380645274      ,  0.19021186615052518      ,  0.18286928368203662      ,  0.17578718319679013      ,  0.16895733340221150      ,  0.16237174401965648      ,  0.15602265584279448      ,  0.14990253165599315      ,  0.14400404792505628      ,  0.13832008718042077      ,  0.13284373102006891      ,  0.12756825366598507      ,  0.12248711601405206      ,  0.11759396012285883      ,  0.11288260409203689      ,  0.10834703728547475      ,  0.10398141585912156      ,   9.9780058557101856E-002 ,   9.5737442743556153E-002 ,   9.1848200641012609E-002 ,   8.8107115749211082E-002 ,   8.4509119421160392E-002 ,   8.1049287575823276E-002 ,   7.7722837529221225E-002 ,   7.4525124927933104E-002 ,   7.1451640770952618E-002 ,   6.8498008507675817E-002 ,   6.5659981201424258E-002 ,   6.2933438749386103E-002 ,   6.0314385151177673E-002 ,   5.7798945819410454E-002 ]
 AlphaS_Lambda4:  0.38729833029234551     
 AlphaS_Lambda5:  0.20916500429591775     
