 SetDesc: "set generated with APFEL - NNPDF31_bI_expandedNORM_SR"
 Authors: V. Bertone, S. Carrazza, J. Rojo
 Reference: ArXiv:1310.1394
 Format: lhagrid1
 DataVersion: 1
 NumMembers:           1
 Particle: 2212
 Flavors: [ -5, -4, -3, -2, -1, 21,  1,  2,  3,  4,  5]
 OrderQCD:           2
 FlavorScheme: variable
 NumFlavors:            5
 ErrorType: replicas
 XMin:   1.0000000000000001E-009
 XMax:   1.0000000000000000     
 QMin:   1.0000000000000000     
 QMax:   100000.00000000000     
 MZ:   91.187600000000003     
 MUp: 0
 MDown: 0
 MStrange: 0
 MCharm:   1.5100000000000000     
 MBottom:   4.9199999999999999     
 MTop:   172.50000000000000     
 ThresholdCharm:   1.5100000000000000     
 ThresholdBottom:   4.9199999999999999     
 ThresholdTop:   100003.00000000000     
 AlphaS_MZ:  0.11799806342599065     
 AlphaS_OrderQCD:           2
 AlphaS_Type: ipol
 AlphaS_Qs: [  0.99999999999999989      ,   1.0768843285925549      ,   1.1642787193942459      ,   1.2640246654080958      ,   1.3783565426534774      ,   1.5099999999999998      ,   1.5099999999999998      ,   1.6573842566429429      ,   1.8279486622459491      ,   2.0263187760089423      ,   2.2582322968798141      ,   2.5308506754794142      ,   2.8531703035962463      ,   3.2365690285399831      ,   3.6955379951490865      ,   4.2486693342688726      ,   4.9199999999999999      ,   4.9199999999999999      ,   5.6571821438576393      ,   6.5475140854237930      ,   7.6300445598605036      ,   8.9555328644293528      ,   10.590474443348139      ,   12.622685642509317      ,   15.169119681615255      ,   18.386905256766521      ,   22.489084655212846      ,   27.767273833097445      ,   34.624624171570872      ,   43.624281842457755      ,   55.561423897645774      ,   71.571581839038842      ,   93.295496162430055      ,   123.13315421245734      ,   164.64037874505055      ,   223.15639709969551      ,   306.81102661405930      ,   428.16504637944598      ,   606.92308150739791      ,   874.49250868435536      ,   1281.7732912450272      ,   1912.7019729275617      ,   2908.2313770600867      ,   4509.5982157077860      ,   7137.9508908105245      ,   11543.948027962433      ,   19094.933999447741      ,   32338.759797577557      ,   56137.083811810720      ,   100000.00000000004      ]
 AlphaS_Vals: [  0.47288626063117639      ,  0.44281048755119623      ,  0.41553946921764934      ,  0.39066357042388650      ,  0.36785606831123591      ,  0.34685241898524366      ,  0.34809892618765542      ,  0.33099333895877925      ,  0.31487523536165335      ,  0.29966521112032107      ,  0.28529314853834714      ,  0.27169680165700222      ,  0.25882063781110720      ,  0.24661488258974626      ,  0.23503472724657673      ,  0.22403966686319662      ,  0.21359294453240416      ,  0.21388208591005173      ,  0.20570660453378978      ,  0.19781781996958436      ,  0.19020671114749824      ,  0.18286453376194758      ,  0.17578280716710984      ,  0.16895330243461143      ,  0.16236803147108006      ,  0.15601923709047516      ,  0.14989938394524552      ,  0.14400115022877569      ,  0.13831742006933029      ,  0.13284127654283701      ,  0.12756599523842146      ,  0.12248503831665632      ,  0.11759204900606356      ,  0.11288084648854307      ,  0.10834542112912916      ,  0.10397993000983320      ,   9.9778692731336258E-002 ,   9.5736187449983842E-002 ,   9.1847047120924064E-002 ,   8.8106055921340923E-002 ,   8.4508145830591519E-002 ,   8.1048393346668954E-002 ,   7.7722016320805359E-002 ,   7.4524370894211600E-002 ,   7.1450948522937680E-002 ,   6.8497373078643065E-002 ,   6.5659398014700124E-002 ,   6.2932903588526323E-002 ,   6.0313894132363363E-002 ,   5.7798495365900156E-002 ]
 AlphaS_Lambda4:  0.38729833029234551     
 AlphaS_Lambda5:  0.20916500429591775     
